Task Bench: minimum effective task granularity (METG)
==============================================================================

Machine      : NCSA Delta CPU node, 2x AMD EPYC 7763 (64 cores each), 1 node
Dependence   : stencil_1d
Kernel       : compute_bound
Time steps   : 1000
Graph width  : equal to the PE count
Granularity  : swept with -iter, halving from 16384 down to 2
PE placement : MPI uses one rank per PE; Charm++, Converse and Reconverse
               put all PEs in a single process

time_per_task = elapsed / total_tasks * cores * 1000   [ms]

efficiency (the METG curve) is measured against each system's OWN
coarsest-granularity run, as task-bench's chart_metg.py does when no
hardware peak is supplied:

    scale_factor = iter_coarsest / iter
    efficiency   = elapsed_coarsest / (elapsed * scale_factor)

At the coarsest point a task is 55-75 ms and the runtime's own overhead
is microseconds, so that point is that system running essentially
overhead-free.  Normalising there isolates what METG is meant to
measure -- how small a task the runtime can still keep cores busy on --
and cancels the node's clock-state variation, which moves a system's
coarse and fine points together.

'vs peak' is the secondary, absolute view: achieved FLOP/s over the
kernel_bench hardware peak for that core count.  It can exceed 100%
when a run catches the boosted clock state that kernel_bench, which
pins worker i to core i, does not reach on cores 1..n-1.

Hardware peak per core count (task-bench kernel_bench: the same kernel in
a bare pinned-pthread loop, no runtime underneath), used for 'vs peak':

 cores      peak FLOP/s       spread     reps
     1     3.801677e+10         0.2%       15
     2     6.082986e+10         0.2%       15
     4     1.216553e+11         0.2%       15
     8     2.431858e+11         0.2%       15

Statistic: every point below is the MEDIAN of 5 repetitions.

These nodes intermittently drop to a lower sustained clock, costing
about 25-33% on identical work; the effect is bimodal rather than
gaussian, so a mean is pulled around by however many slow repetitions a
configuration happened to catch, and a best-of rewards whichever system
got lucky.  The median rejects up to two contaminated repetitions out
of five.  The 'spread' column is (worst-best)/best, so it shows how
much each point was affected.

The sweep itself interleaves all five systems at every measurement point
and rotates which one goes first on each repetition.  Running each
system's sweep as a contiguous block -- as done initially -- gave
whichever system ran first a systematically cooler node and biased the
comparison by ~25%.

------------------------------------------------------------------------------
MPI -- 1 PE(s)
------------------------------------------------------------------------------
     iter  reps     elapsed(s)  spread    granularity           FLOP/s efficiency   vs peak
                        median     (%)      (ms/task)                         (%)       (%)
    16384     5   5.518995e-02    33.6   5.518995e-02     3.799996e+10     100.00     100.0
     8192     5   2.767012e-02    33.6   2.767012e-02     3.789792e+10      99.73      99.7
     4096     5   1.392193e-02    33.6   1.392193e-02     3.766374e+10      99.11      99.1
     2048     5   7.073323e-03    33.6   7.073323e-03     3.706999e+10      97.53      97.5
     1024     5   3.641548e-03    33.3   3.641548e-03     3.601106e+10      94.72      94.7
      512     5   1.918211e-03    33.6   1.918211e-03     3.419853e+10      89.91      90.0
      256     5   1.025139e-03    38.3   1.025139e-03     3.202688e+10      84.12      84.2
      128     5   6.043310e-04    45.0   6.043310e-04     2.721687e+10      71.35      71.6
       64     5   4.795270e-04    39.7   4.795270e-04     1.721697e+10      44.96      45.3
       32     5   2.488260e-04    33.3   2.488260e-04     1.671851e+10      43.32      44.0
       16     5   2.358820e-04    40.0   2.358820e-04     8.953629e+09      22.85      23.6
        8     5   1.734250e-04    39.3   1.734250e-04     6.273605e+09      15.54      16.5
        4     5   1.559420e-04    36.2   1.559420e-04     3.693681e+09       8.64       9.7
        2     5   1.589170e-04    33.6   1.589170e-04     2.013630e+09       4.24       5.3

METG(50%): 5.033727e-04 ms/task

------------------------------------------------------------------------------
MPI -- 2 PE(s)
------------------------------------------------------------------------------
     iter  reps     elapsed(s)  spread    granularity           FLOP/s efficiency   vs peak
                        median     (%)      (ms/task)                         (%)       (%)
    16384     5   7.452556e-02     0.1   7.452556e-02     5.628179e+10     100.00      92.5
     8192     5   3.775414e-02     0.3   3.775414e-02     5.555099e+10      98.70      91.3
     4096     5   1.941015e-02     3.9   1.941015e-02     5.402864e+10      95.99      88.8
     2048     5   1.022644e-02     1.0   1.022644e-02     5.128041e+10      91.09      84.3
     1024     5   5.595947e-03     6.6   5.595947e-03     4.686821e+10      83.24      77.0
      512     5   3.285220e-03    39.3   3.285220e-03     3.993644e+10      70.89      65.7
      256     5   1.989976e-03    34.9   1.989976e-03     3.299738e+10      58.52      54.2
      128     5   1.494518e-03    28.6   1.494518e-03     2.201111e+10      38.96      36.2
       64     5   1.298792e-03    34.0   1.298792e-03     1.271335e+10      22.41      20.9
       32     5   9.479350e-04    25.3   9.479350e-04     8.776973e+09      15.36      14.4
       16     5   1.054465e-03    27.9   1.054465e-03     4.005823e+09       6.90       6.6
        8     5   1.031090e-03    27.0   1.031090e-03     2.110388e+09       3.53       3.5
        4     5   9.612900e-04    29.4   9.612900e-04     1.198390e+09       1.89       2.0
        2     5   1.016013e-03    28.5   1.016013e-03     6.299132e+08       0.90       1.0

METG(50%): 1.774239e-03 ms/task

------------------------------------------------------------------------------
MPI -- 4 PE(s)
------------------------------------------------------------------------------
     iter  reps     elapsed(s)  spread    granularity           FLOP/s efficiency   vs peak
                        median     (%)      (ms/task)                         (%)       (%)
    16384     5   7.545937e-02     1.1   7.545937e-02     1.111706e+11     100.00      91.4
     8192     5   3.867231e-02     1.7   3.867231e-02     1.084642e+11      97.56      89.2
     4096     5   2.028169e-02     5.6   2.028169e-02     1.034139e+11      93.01      85.0
     2048     5   1.112635e-02     6.8   1.112635e-02     9.426559e+10      84.78      77.5
     1024     5   6.151137e-03    10.1   6.151137e-03     8.527594e+10      76.67      70.1
      512     5   4.241170e-03    19.3   4.241170e-03     6.186972e+10      55.60      50.9
      256     5   3.114832e-03     3.4   3.114832e-03     4.216215e+10      37.85      34.7
      128     5   2.640484e-03    14.8   2.640484e-03     2.491664e+10      22.33      20.5
       64     5   2.468452e-03    14.5   2.468452e-03     1.337843e+10      11.94      11.0
       32     5   2.375106e-03     5.2   2.375106e-03     7.006003e+09       6.21       5.8
       16     5   2.132172e-03    11.4   2.132172e-03     3.962157e+09       3.46       3.3
        8     5   2.296580e-03    14.6   2.296580e-03     1.894992e+09       1.60       1.6
        4     5   2.218002e-03    13.0   2.218002e-03     1.038773e+09       0.83       0.9
        2     5   2.239834e-03    11.9   2.239834e-03     5.714709e+08       0.41       0.5

METG(50%): 3.885746e-03 ms/task

------------------------------------------------------------------------------
MPI -- 8 PE(s)
------------------------------------------------------------------------------
     iter  reps     elapsed(s)  spread    granularity           FLOP/s efficiency   vs peak
                        median     (%)      (ms/task)                         (%)       (%)
    16384     5   7.753220e-02     1.2   7.753220e-02     2.163969e+11     100.00      89.0
     8192     5   4.019025e-02     2.4   4.019025e-02     2.087352e+11      96.46      85.8
     4096     5   2.219812e-02     5.5   2.219812e-02     1.889717e+11      87.32      77.7
     2048     5   1.308476e-02     4.8   1.308476e-02     1.603135e+11      74.07      65.9
     1024     5   8.113811e-03     8.4   8.113811e-03     1.292966e+11      59.72      53.2
      512     5   6.109438e-03    21.6   6.109438e-03     8.589988e+10      39.66      35.3
      256     5   5.187943e-03    14.9   5.187943e-03     5.062816e+10      23.35      20.8
      128     5   4.605312e-03    19.6   4.605312e-03     2.857222e+10      13.15      11.7
       64     5   4.405729e-03     0.5   4.405729e-03     1.499139e+10       6.87       6.2
       32     5   4.297106e-03     9.3   4.297106e-03     7.744747e+09       3.52       3.2
       16     5   4.253454e-03     5.1   4.253454e-03     3.972301e+09       1.78       1.6
        8     5   4.150160e-03    24.3   4.150160e-03     2.097269e+09       0.91       0.9
        4     5   4.135322e-03     5.0   4.135322e-03     1.114303e+09       0.46       0.5
        2     5   4.004338e-03    11.0   4.004338e-03     6.393067e+08       0.24       0.3

METG(50%): 7.142572e-03 ms/task

------------------------------------------------------------------------------
Charm++ (old Converse) -- 1 PE(s)
------------------------------------------------------------------------------
     iter  reps     elapsed(s)  spread    granularity           FLOP/s efficiency   vs peak
                        median     (%)      (ms/task)                         (%)       (%)
    16384     5   5.566311e-02    33.9   5.566311e-02     3.767695e+10     100.00      99.1
     8192     5   2.817011e-02    33.6   2.817011e-02     3.722527e+10      98.80      97.9
     4096     5   1.442599e-02    33.7   1.442599e-02     3.634773e+10      96.46      95.6
     2048     5   7.559061e-03    33.8   7.559061e-03     3.468791e+10      92.05      91.2
     1024     5   4.112005e-03    39.3   4.112005e-03     3.189101e+10      84.60      83.9
      512     5   2.388000e-03    34.2   2.388000e-03     2.747069e+10      72.84      72.3
      256     5   1.528978e-03    33.9   1.528978e-03     2.147317e+10      56.88      56.5
      128     5   1.101971e-03    34.4   1.101971e-03     1.492598e+10      39.46      39.3
       64     5   1.103163e-03    33.5   1.103163e-03     7.483935e+09      19.71      19.7
       32     5   7.750988e-04    35.2   7.750988e-04     5.367058e+09      14.03      14.1
       16     5   7.281303e-04    33.0   7.281303e-04     2.900580e+09       7.47       7.6
        8     5   7.050037e-04    33.8   7.050037e-04     1.543254e+09       3.86       4.1
        4     5   6.818771e-04    35.3   6.818771e-04     8.447270e+08       1.99       2.2
        2     5   6.768703e-04    36.1   6.768703e-04     4.727641e+08       1.00       1.2

METG(50%): 1.360254e-03 ms/task

------------------------------------------------------------------------------
Charm++ (old Converse) -- 2 PE(s)
------------------------------------------------------------------------------
     iter  reps     elapsed(s)  spread    granularity           FLOP/s efficiency   vs peak
                        median     (%)      (ms/task)                         (%)       (%)
    16384     5   7.611799e-02    33.8   7.611799e-02     5.510435e+10     100.00      90.6
     8192     5   3.919315e-02     7.9   3.919315e-02     5.351139e+10      97.11      88.0
     4096     5   2.071810e-02     8.2   2.071810e-02     5.061777e+10      91.85      83.2
     2048     5   1.150107e-02     8.4   1.150107e-02     4.559715e+10      82.73      75.0
     1024     5   6.891012e-03     9.2   6.891012e-03     3.806001e+10      69.04      62.6
      512     5   4.118919e-03    34.1   4.118919e-03     3.185302e+10      57.75      52.4
      256     5   3.429890e-03    12.6   3.429890e-03     1.914464e+10      34.68      31.5
      128     5   2.523899e-03    14.5   2.523899e-03     1.303380e+10      23.56      21.4
       64     5   2.251863e-03     0.9   2.251863e-03     7.332595e+09      13.20      12.1
       32     5   2.182961e-03    14.9   2.182961e-03     3.811337e+09       6.81       6.3
       16     5   2.053976e-03    16.3   2.053976e-03     2.056499e+09       3.62       3.4
        8     5   2.017021e-03    16.3   2.017021e-03     1.078819e+09       1.84       1.8
        4     5   2.010107e-03     4.6   2.010107e-03     5.731038e+08       0.92       0.9
        2     5   1.994848e-03    16.8   1.994848e-03     3.208264e+08       0.47       0.5

METG(50%): 3.887487e-03 ms/task

------------------------------------------------------------------------------
Charm++ (old Converse) -- 4 PE(s)
------------------------------------------------------------------------------
     iter  reps     elapsed(s)  spread    granularity           FLOP/s efficiency   vs peak
                        median     (%)      (ms/task)                         (%)       (%)
    16384     5   5.810189e-02    24.3   5.810189e-02     1.443819e+11     100.00     118.7
     8192     5   3.052688e-02    23.8   3.052688e-02     1.374055e+11      95.17     112.9
     4096     5   1.931310e-02    23.4   1.931310e-02     1.086003e+11      75.21      89.3
     2048     5   1.078892e-02    22.0   1.078892e-02     9.721381e+10      67.32      79.9
     1024     5   6.600857e-03    19.7   6.600857e-03     7.946605e+10      55.01      65.3
      512     5   5.346060e-03    21.6   5.346060e-03     4.908288e+10      33.96      40.3
      256     5   3.758192e-03    17.6   3.758192e-03     3.494446e+10      24.16      28.7
      128     5   3.398180e-03     2.4   3.398180e-03     1.936095e+10      13.36      15.9
       64     5   3.713131e-03    14.3   3.713131e-03     8.893842e+09       6.11       7.3
       32     5   3.211975e-03    15.9   3.211975e-03     5.180613e+09       3.53       4.3
       16     5   3.403187e-03    12.1   3.403187e-03     2.482379e+09       1.67       2.0
        8     5   3.406048e-03    10.3   3.406048e-03     1.277727e+09       0.83       1.1
        4     5   3.388882e-03    13.2   3.388882e-03     6.798702e+08       0.42       0.6
        2     5   3.147840e-03    11.2   3.147840e-03     4.066280e+08       0.23       0.3

METG(50%): 6.302003e-03 ms/task

------------------------------------------------------------------------------
Charm++ (old Converse) -- 8 PE(s)
------------------------------------------------------------------------------
     iter  reps     elapsed(s)  spread    granularity           FLOP/s efficiency   vs peak
                        median     (%)      (ms/task)                         (%)       (%)
    16384     5   7.761502e-02     3.0   7.761502e-02     2.161660e+11     100.00      88.9
     8192     5   4.099417e-02    95.2   4.099417e-02     2.046418e+11      94.67      84.2
     4096     5   2.259588e-02    51.7   2.259588e-02     1.856452e+11      85.87      76.3
     2048     5   1.339293e-02    99.8   1.339293e-02     1.566247e+11      72.44      64.4
     1024     5   9.042978e-03    13.0   9.042978e-03     1.160113e+11      53.64      47.7
      512     5   6.399870e-03     8.8   6.399870e-03     8.200167e+10      37.90      33.7
      256     5   5.879164e-03     5.8   5.879164e-03     4.467574e+10      20.63      18.4
      128     5   5.249023e-03    10.5   5.249023e-03     2.506828e+10      11.55      10.3
       64     5   5.381823e-03    22.0   5.381823e-03     1.227242e+10       5.63       5.0
       32     5   5.001068e-03     9.9   5.001068e-03     6.654579e+09       3.03       2.7
       16     5   4.958153e-03    10.1   4.958153e-03     3.407721e+09       1.53       1.4
        8     5   5.198002e-03   222.9   5.198002e-03     1.674490e+09       0.73       0.7
        4     5   4.976988e-03   232.8   4.976988e-03     9.258612e+08       0.38       0.4
        2     5   5.166054e-03     8.3   5.166054e-03     4.955426e+08       0.18       0.2

METG(50%): 8.431380e-03 ms/task

------------------------------------------------------------------------------
Charm++ (Reconverse) -- 1 PE(s)
------------------------------------------------------------------------------
     iter  reps     elapsed(s)  spread    granularity           FLOP/s efficiency   vs peak
                        median     (%)      (ms/task)                         (%)       (%)
    16384     5   5.844688e-02    33.7   5.844688e-02     3.588243e+10     100.00      94.4
     8192     5   3.091788e-02    33.7   3.091788e-02     3.391694e+10      94.52      89.2
     4096     5   1.719284e-02    33.8   1.719284e-02     3.049828e+10      84.99      80.2
     2048     5   1.025295e-02    34.8   1.025295e-02     2.557391e+10      71.26      67.3
     1024     5   6.827116e-03    33.3   6.827116e-03     1.920811e+10      53.51      50.5
      512     5   6.798029e-03    35.8   6.798029e-03     9.649856e+09      26.87      25.4
      256     5   4.276037e-03    35.9   4.276037e-03     7.678137e+09      21.36      20.2
      128     5   3.813982e-03    36.0   3.813982e-03     4.312553e+09      11.97      11.3
       64     5   4.822969e-03    37.3   4.822969e-03     1.711809e+09       4.73       4.5
       32     5   4.611015e-03    35.6   4.611015e-03     9.021875e+08       2.48       2.4
       16     5   3.486156e-03    37.1   3.486156e-03     6.058249e+08       1.64       1.6
        8     5   3.461123e-03    41.9   3.461123e-03     3.143488e+08       0.82       0.8
        4     5   3.418207e-03    37.8   3.418207e-03     1.685094e+08       0.42       0.4
        2     5   3.430128e-03    34.3   3.430128e-03     9.329098e+07       0.21       0.2

METG(50%): 6.823288e-03 ms/task

------------------------------------------------------------------------------
Charm++ (Reconverse) -- 2 PE(s)
------------------------------------------------------------------------------
     iter  reps     elapsed(s)  spread    granularity           FLOP/s efficiency   vs peak
                        median     (%)      (ms/task)                         (%)       (%)
    16384     5   8.263397e-02     7.2   8.263397e-02     5.075917e+10     100.00      83.4
     8192     5   4.600096e-02     7.3   4.600096e-02     4.559209e+10      89.82      75.0
     4096     5   2.763486e-02     7.1   2.763486e-02     3.794859e+10      74.76      62.4
     2048     5   1.847506e-02     8.4   1.847506e-02     2.838508e+10      55.91      46.7
     1024     5   1.390314e-02     9.6   1.390314e-02     1.886423e+10      37.15      31.0
      512     5   1.160002e-02    11.1   1.160002e-02     1.131033e+10      22.26      18.6
      256     5   1.043606e-02     8.4   1.043606e-02     6.292030e+09      12.37      10.3
      128     5   9.088039e-03    11.9   9.088039e-03     3.619703e+09       7.10       6.0
       64     5   8.808136e-03    10.1   8.808136e-03     1.874630e+09       3.66       3.1
       32     5   8.709908e-03     9.3   8.709908e-03     9.552340e+08       1.85       1.6
       16     5   9.196043e-03    10.3   9.196043e-03     4.593280e+08       0.88       0.8
        8     5   8.756161e-03     8.8   8.756161e-03     2.485107e+08       0.46       0.4
        4     5   8.537054e-03    11.8   8.537054e-03     1.349412e+08       0.24       0.2
        2     5   8.556128e-03    10.6   8.556128e-03     7.480019e+07       0.12       0.1

METG(50%): 1.703512e-02 ms/task

------------------------------------------------------------------------------
Charm++ (Reconverse) -- 4 PE(s)
------------------------------------------------------------------------------
     iter  reps     elapsed(s)  spread    granularity           FLOP/s efficiency   vs peak
                        median     (%)      (ms/task)                         (%)       (%)
    16384     5   8.179808e-02     5.5   8.179808e-02     1.025558e+11     100.00      84.3
     8192     5   4.726315e-02    24.7   4.726315e-02     8.874906e+10      86.53      73.0
     4096     5   3.028893e-02    23.9   3.028893e-02     6.924669e+10      67.51      56.9
     2048     5   2.145886e-02    23.8   2.145886e-02     4.887641e+10      47.65      40.2
     1024     5   1.722097e-02    25.2   1.722097e-02     3.045961e+10      29.69      25.0
      512     5   1.525807e-02    24.7   1.525807e-02     1.719746e+10      16.75      14.1
      256     5   1.412916e-02     1.7   1.412916e-02     9.294820e+09       9.05       7.6
      128     5   1.112700e-02    23.9   1.112700e-02     5.912825e+09       5.74       4.9
       64     5   1.326489e-02    22.8   1.326489e-02     2.489580e+09       2.41       2.0
       32     5   1.309180e-02    24.0   1.309180e-02     1.271025e+09       1.22       1.0
       16     5   1.076102e-02    23.4   1.076102e-02     7.850557e+08       0.74       0.6
        8     5   1.080084e-02    24.8   1.080084e-02     4.029316e+08       0.37       0.3
        4     5   1.326799e-02    33.8   1.326799e-02     1.736510e+08       0.15       0.1
        2     5   1.081681e-02    32.7   1.081681e-02     1.183343e+08       0.09       0.1

METG(50%): 2.250416e-02 ms/task

------------------------------------------------------------------------------
Charm++ (Reconverse) -- 8 PE(s)
------------------------------------------------------------------------------
     iter  reps     elapsed(s)  spread    granularity           FLOP/s efficiency   vs peak
                        median     (%)      (ms/task)                         (%)       (%)
    16384     5   8.431697e-02     0.4   8.431697e-02     1.989840e+11     100.00      81.8
     8192     5   4.803205e-02     0.8   4.803205e-02     1.746567e+11      87.77      71.8
     4096     5   3.043294e-02     7.3   3.043294e-02     1.378380e+11      69.26      56.7
     2048     5   2.015018e-02    12.8   2.015018e-02     1.041015e+11      52.31      42.8
     1024     5   1.544499e-02    17.9   1.544499e-02     6.792416e+10      34.12      27.9
      512     5   1.337790e-02    20.5   1.337790e-02     3.922888e+10      19.70      16.1
      256     5   1.246500e-02    25.5   1.246500e-02     2.107148e+10      10.57       8.7
      128     5   1.221490e-02    23.5   1.221490e-02     1.077242e+10       5.39       4.4
       64     5   1.203609e-02    21.4   1.203609e-02     5.487496e+09       2.74       2.3
       32     5   1.384616e-02    19.5   1.384616e-02     2.403554e+09       1.19       1.0
       16     5   1.186490e-02    20.2   1.186490e-02     1.424032e+09       0.69       0.6
        8     5   1.359415e-02    22.0   1.359415e-02     6.402754e+08       0.30       0.3
        4     5   1.369691e-02    22.3   1.369691e-02     3.364262e+08       0.15       0.1
        2     5   1.345515e-02    19.6   1.345515e-02     1.902617e+08       0.08       0.1

METG(50%): 1.955371e-02 ms/task

------------------------------------------------------------------------------
Converse -- 1 PE(s)
------------------------------------------------------------------------------
     iter  reps     elapsed(s)  spread    granularity           FLOP/s efficiency   vs peak
                        median     (%)      (ms/task)                         (%)       (%)
    16384     5   5.536201e-02    33.8   5.536201e-02     3.788186e+10     100.00      99.6
     8192     5   2.782228e-02     0.1   2.782228e-02     3.769066e+10      99.49      99.1
     4096     5   1.407246e-02    35.2   1.407246e-02     3.726086e+10      98.35      98.0
     2048     5   7.185383e-03    33.5   7.185383e-03     3.649186e+10      96.31      96.0
     1024     5   3.749119e-03    33.6   3.749119e-03     3.497782e+10      92.29      92.0
      512     5   2.026725e-03    33.8   2.026725e-03     3.236749e+10      85.36      85.1
      256     5   1.164100e-03    34.4   1.164100e-03     2.820376e+10      74.31      74.2
      128     5   7.372810e-04    33.2   7.372810e-04     2.230900e+10      58.66      58.7
       64     5   5.212260e-04    35.2   5.212260e-04     1.583958e+10      41.49      41.7
       32     5   4.153070e-04    35.3   4.153070e-04     1.001669e+10      26.04      26.3
       16     5   3.615870e-04    33.9   3.615870e-04     5.840918e+09      14.95      15.4
        8     5   3.273330e-04    36.6   3.273330e-04     3.323832e+09       8.26       8.7
        4     5   3.160820e-04    37.0   3.160820e-04     1.822312e+09       4.28       4.8
        2     5   3.189470e-04    36.1   3.189470e-04     1.003301e+09       2.12       2.6

METG(50%): 6.282858e-04 ms/task

------------------------------------------------------------------------------
Converse -- 2 PE(s)
------------------------------------------------------------------------------
     iter  reps     elapsed(s)  spread    granularity           FLOP/s efficiency   vs peak
                        median     (%)      (ms/task)                         (%)       (%)
    16384     5   7.481244e-02     7.1   7.481244e-02     5.606597e+10     100.00      92.2
     8192     5   3.554671e-02     7.3   3.554671e-02     5.900068e+10     105.23      97.0
     4096     5   1.975650e-02     8.0   1.975650e-02     5.308147e+10      94.67      87.3
     2048     5   1.055249e-02     8.6   1.055249e-02     4.969595e+10      88.62      81.7
     1024     5   5.796563e-03     9.8   5.796563e-03     4.524612e+10      80.66      74.4
      512     5   3.664220e-03    11.7   3.664220e-03     3.580571e+10      63.80      58.9
      256     5   2.204227e-03    30.5   2.204227e-03     2.979004e+10      53.03      49.0
      128     5   1.685866e-03    18.9   1.685866e-03     1.951282e+10      34.67      32.1
       64     5   1.458141e-03    18.8   1.458141e-03     1.132401e+10      20.04      18.6
       32     5   1.302188e-03     1.6   1.302188e-03     6.389246e+09      11.22      10.5
       16     5   1.271511e-03    20.2   1.271511e-03     3.322032e+09       5.75       5.5
        8     5   1.405010e-03    17.4   1.405010e-03     1.548743e+09       2.60       2.5
        4     5   1.202291e-03     3.6   1.202291e-03     9.581707e+08       1.52       1.6
        2     5   1.198474e-03    28.9   1.198474e-03     5.340124e+08       0.76       0.9

METG(50%): 2.118640e-03 ms/task

------------------------------------------------------------------------------
Converse -- 4 PE(s)
------------------------------------------------------------------------------
     iter  reps     elapsed(s)  spread    granularity           FLOP/s efficiency   vs peak
                        median     (%)      (ms/task)                         (%)       (%)
    16384     5   5.683639e-02    23.8   5.683639e-02     1.475967e+11     100.00     121.3
     8192     5   3.561718e-02    21.6   3.561718e-02     1.177679e+11      79.79      96.8
     4096     5   1.848051e-02     1.1   1.848051e-02     1.134930e+11      76.89      93.3
     2048     5   9.925152e-03     2.3   9.925152e-03     1.056741e+11      71.58      86.9
     1024     5   5.538951e-03     9.3   5.538951e-03     9.470096e+10      64.13      77.8
      512     5   3.613646e-03    16.4   3.613646e-03     7.261364e+10      49.15      59.7
      256     5   2.773774e-03     4.8   2.773774e-03     4.734632e+10      32.02      38.9
      128     5   2.336544e-03    12.7   2.336544e-03     2.815783e+10      19.00      23.1
       64     5   2.191553e-03     6.8   2.191553e-03     1.506877e+10      10.13      12.4
       32     5   2.168469e-03     4.2   2.168469e-03     7.673617e+09       5.12       6.3
       16     5   2.110281e-03     3.4   2.110281e-03     4.003258e+09       2.63       3.3
        8     5   2.124818e-03     4.9   2.124818e-03     2.048175e+09       1.31       1.7
        4     5   2.089031e-03     6.9   2.089031e-03     1.102904e+09       0.66       0.9
        2     5   2.073602e-03    10.7   2.073602e-03     6.172834e+08       0.33       0.5

METG(50%): 3.722772e-03 ms/task

------------------------------------------------------------------------------
Converse -- 8 PE(s)
------------------------------------------------------------------------------
     iter  reps     elapsed(s)  spread    granularity           FLOP/s efficiency   vs peak
                        median     (%)      (ms/task)                         (%)       (%)
    16384     5   7.125509e-02     9.4   7.125509e-02     2.354601e+11     100.00      96.8
     8192     5   3.677830e-02    10.1   3.677830e-02     2.280997e+11      96.87      93.8
     4096     5   1.930614e-02    19.4   1.930614e-02     2.172789e+11      92.27      89.3
     2048     5   1.152514e-02    17.5   1.152514e-02     1.820077e+11      77.28      74.8
     1024     5   6.764355e-03    34.6   6.764355e-03     1.550906e+11      65.84      63.8
      512     5   4.206706e-03    55.1   4.206706e-03     1.247532e+11      52.93      51.3
      256     5   3.651587e-03    84.0   3.651587e-03     7.192927e+10      30.49      29.6
      128     5   2.908636e-03    17.9   2.908636e-03     4.523907e+10      19.14      18.6
       64     5   2.820761e-03    84.4   2.820761e-03     2.341496e+10       9.87       9.6
       32     5   2.900991e-03    75.8   2.900991e-03     1.147194e+10       4.80       4.7
       16     5   4.444712e-03    79.0   4.444712e-03     3.801371e+09       1.57       1.6
        8     5   3.157461e-03    82.6   3.157461e-03     2.756645e+09       1.10       1.1
        4     5   2.824749e-03    71.6   2.824749e-03     1.631295e+09       0.62       0.7
        2     5   3.137404e-03    73.7   3.137404e-03     8.159612e+08       0.28       0.3

METG(50%): 4.134167e-03 ms/task

------------------------------------------------------------------------------
Reconverse -- 1 PE(s)
------------------------------------------------------------------------------
     iter  reps     elapsed(s)  spread    granularity           FLOP/s efficiency   vs peak
                        median     (%)      (ms/task)                         (%)       (%)
    16384     5   6.928110e-02    25.1   6.928110e-02     3.027111e+10     100.00      79.6
     8192     5   3.485465e-02     6.8   3.485465e-02     3.008609e+10      99.39      79.1
     4096     5   1.762199e-02     6.8   1.762199e-02     2.975555e+10      98.29      78.3
     2048     5   9.156227e-03     7.3   9.156227e-03     2.863712e+10      94.58      75.3
     1024     5   4.816294e-03     7.1   4.816294e-03     2.722757e+10      89.90      71.6
      512     5   2.614737e-03    11.4   2.614737e-03     2.508857e+10      82.80      66.0
      256     5   1.487732e-03    34.2   1.487732e-03     2.206849e+10      72.76      58.0
      128     5   1.000166e-03     6.5   1.000166e-03     1.644527e+10      54.12      43.3
       64     5   6.761551e-04     7.3   6.761551e-04     1.221022e+10      40.02      32.1
       32     5   5.376339e-04    13.7   5.376339e-04     7.737607e+09      25.17      20.4
       16     5   4.677773e-04    22.4   4.677773e-04     4.514969e+09      14.46      11.9
        8     5   4.401207e-04     8.7   4.401207e-04     2.472049e+09       7.69       6.5
        4     5   4.401207e-04    34.5   4.401207e-04     1.308732e+09       3.84       3.4
        2     5   4.117489e-04     7.7   4.117489e-04     7.771727e+08       2.05       2.0

METG(50%): 9.055095e-04 ms/task

------------------------------------------------------------------------------
Reconverse -- 2 PE(s)
------------------------------------------------------------------------------
     iter  reps     elapsed(s)  spread    granularity           FLOP/s efficiency   vs peak
                        median     (%)      (ms/task)                         (%)       (%)
    16384     5   7.479477e-02     7.2   7.479477e-02     5.607922e+10     100.00      92.2
     8192     5   3.795671e-02     7.3   3.795671e-02     5.525453e+10      98.53      90.8
     4096     5   1.962018e-02     8.2   1.962018e-02     5.345027e+10      95.30      87.9
     2048     5   1.047540e-02     9.1   1.047540e-02     5.006167e+10      89.25      82.3
     1024     5   5.470514e-03    10.6   5.470514e-03     4.794284e+10      85.45      78.8
      512     5   3.489494e-03    13.0   3.489494e-03     3.759857e+10      66.98      61.8
      256     5   2.223015e-03    11.3   2.223015e-03     2.953826e+10      52.57      48.6
      128     5   1.638889e-03    20.0   1.638889e-03     2.007213e+10      35.65      33.0
       64     5   1.422167e-03    23.5   1.422167e-03     1.161045e+10      20.54      19.1
       32     5   1.126528e-03    30.2   1.126528e-03     7.385524e+09      12.97      12.1
       16     5   1.144886e-03    20.2   1.144886e-03     3.689450e+09       6.38       6.1
        8     5   1.175404e-03    19.1   1.175404e-03     1.851278e+09       3.11       3.0
        4     5   1.095295e-03    20.6   1.095295e-03     1.051771e+09       1.67       1.7
        2     5   1.058578e-03    29.5   1.058578e-03     6.045846e+08       0.86       1.0

METG(50%): 2.134230e-03 ms/task

------------------------------------------------------------------------------
Reconverse -- 4 PE(s)
------------------------------------------------------------------------------
     iter  reps     elapsed(s)  spread    granularity           FLOP/s efficiency   vs peak
                        median     (%)      (ms/task)                         (%)       (%)
    16384     5   7.055545e-02     0.3   7.055545e-02     1.188975e+11     100.00      97.7
     8192     5   3.604388e-02     1.9   3.604388e-02     1.163737e+11      97.87      95.7
     4096     5   1.830268e-02    11.4   1.830268e-02     1.145957e+11      96.37      94.2
     2048     5   1.031375e-02    10.0   1.031375e-02     1.016926e+11      85.51      83.6
     1024     5   6.079197e-03    11.0   6.079197e-03     8.628508e+10      72.54      70.9
      512     5   3.917456e-03    12.3   3.917456e-03     6.698225e+10      56.28      55.1
      256     5   2.817631e-03    17.2   2.817631e-03     4.660937e+10      39.13      38.3
      128     5   2.225399e-03    21.6   2.225399e-03     2.956414e+10      24.77      24.3
       64     5   2.220154e-03    15.1   2.220154e-03     1.487464e+10      12.41      12.2
       32     5   1.932383e-03    28.0   1.932383e-03     8.611129e+09       7.13       7.1
       16     5   2.123594e-03    28.8   2.123594e-03     3.978162e+09       3.24       3.3
        8     5   1.905918e-03    19.7   1.905918e-03     2.283414e+09       1.81       1.9
        4     5   1.890421e-03    26.0   1.890421e-03     1.218776e+09       0.91       1.0
        2     5   1.809597e-03    28.6   1.809597e-03     7.073398e+08       0.48       0.6

METG(50%): 3.514695e-03 ms/task

------------------------------------------------------------------------------
Reconverse -- 8 PE(s)
------------------------------------------------------------------------------
     iter  reps     elapsed(s)  spread    granularity           FLOP/s efficiency   vs peak
                        median     (%)      (ms/task)                         (%)       (%)
    16384     5   7.525086e-02     7.9   7.525086e-02     2.229573e+11     100.00      91.7
     8192     5   3.969502e-02     2.7   3.969502e-02     2.113394e+11      94.79      86.9
     4096     5   2.142167e-02     7.8   2.142167e-02     1.958211e+11      87.82      80.5
     2048     5   1.112771e-02    13.5   1.112771e-02     1.885081e+11      84.53      77.5
     1024     5   6.742716e-03    18.5   6.742716e-03     1.555883e+11      69.75      64.0
      512     5   5.098581e-03    39.5   5.098581e-03     1.029306e+11      46.12      42.3
      256     5   3.244638e-03    49.3   3.244638e-03     8.095079e+10      36.24      33.3
      128     5   3.720999e-03    60.7   3.720999e-03     3.536255e+10      15.80      14.5
       64     5   3.472567e-03    56.1   3.472567e-03     1.901994e+10       8.46       7.8
       32     5   3.258705e-03    47.8   3.258705e-03     1.021265e+10       4.51       4.2
       16     5   2.220631e-03    57.9   2.220631e-03     7.608648e+09       3.31       3.1
        8     5   2.234459e-03    55.6   2.234459e-03     3.895350e+09       1.64       1.6
        4     5   2.486467e-03    50.8   2.486467e-03     1.853232e+09       0.74       0.8
        2     5   2.543926e-03    44.7   2.543926e-03     1.006319e+09       0.36       0.4

METG(50%): 5.368381e-03 ms/task

==============================================================================
Summary: METG(50%) in ms per task
==============================================================================
system                               1 PE          2 PE          4 PE          8 PE
MPI                                0.0005        0.0018        0.0039        0.0071
Charm++ (old Converse)             0.0014        0.0039        0.0063        0.0084
Charm++ (Reconverse)               0.0068        0.0170        0.0225        0.0196
Converse                           0.0006        0.0021        0.0037        0.0041
Reconverse                         0.0009        0.0021        0.0035        0.0054

Lower METG is better: it is the smallest average task duration at which
the system still delivers 50% of the achievable FLOP rate.
