Task Bench: minimum effective task granularity (METG)
==============================================================================

Machine      : NCSA Delta CPU node, 2x AMD EPYC 7763 (64 cores each), 1 node
Dependence   : stencil_1d
Kernel       : compute_bound
Time steps   : 1000
Graph width  : equal to the PE count
Granularity  : swept with -iter, halving from 16384 down to 2
PE placement : MPI uses one rank per PE; Charm++, Converse and Reconverse
               put all PEs in a single process

time_per_task = elapsed / total_tasks * cores * 1000   [ms]
efficiency    = (total_FLOPs / elapsed) / peak_FLOP/s  [%]

Efficiency denominator -- the highest FLOP rate demonstrated on that many
cores with this kernel, from either task-bench's kernel_bench (pinned
pthreads, no runtime underneath) or the best runtime at its coarsest,
most compute-bound granularity:

 cores      denominator     kernel_bench  kb spread   taken from
     1     3.801677e+10       3.8017e+10       0.2%   kernel_bench
     2     6.082986e+10       6.0830e+10       0.2%   kernel_bench
     4     1.295578e+11       1.2166e+11       0.2%   best runtime @ coarsest
     8     2.431858e+11       2.4319e+11       0.2%   kernel_bench

Note: these nodes show run-to-run variation of the order of the 'kb
spread' column from CPU boost residency, largest at low core counts.
Every sweep point below is the mean of 5 repetitions, so all systems
average over the same effect.

------------------------------------------------------------------------------
MPI -- 1 PE(s)
------------------------------------------------------------------------------
     iter  reps     elapsed(s)    granularity           FLOP/s  efficiency
                          mean      (ms/task)                          (%)
    16384     5   5.524477e-02   5.524477e-02     3.796226e+10       99.86
     8192     5   2.768550e-02   2.768550e-02     3.787687e+10       99.63
     4096     5   1.392326e-02   1.392326e-02     3.766015e+10       99.06
     2048     5   7.053369e-03   7.053369e-03     3.717486e+10       97.79
     1024     5   3.611826e-03   3.611826e-03     3.630740e+10       95.50
      512     5   1.883228e-03   1.883228e-03     3.483381e+10       91.63
      256     5   1.013367e-03   1.013367e-03     3.239892e+10       85.22
      128     5   5.716282e-04   5.716282e-04     2.877395e+10       75.69
       64     5   3.583088e-04   3.583088e-04     2.304158e+10       60.61
       32     5   2.476176e-04   2.476176e-04     1.680010e+10       44.19
       16     5   1.952052e-04   1.952052e-04     1.081938e+10       28.46
        8     5   1.683610e-04   1.683610e-04     6.462304e+09       17.00
        4     5   1.998204e-04   1.998204e-04     2.882589e+09        7.58
        2     5   1.825034e-04   1.825034e-04     1.753392e+09        4.61

METG(50%): 2.867811e-04 ms/task

------------------------------------------------------------------------------
MPI -- 2 PE(s)
------------------------------------------------------------------------------
     iter  reps     elapsed(s)    granularity           FLOP/s  efficiency
                          mean      (ms/task)                          (%)
    16384     5   7.075560e-02   7.075560e-02     5.928057e+10       97.45
     8192     5   3.674570e-02   3.674570e-02     5.707552e+10       93.83
     4096     5   1.919804e-02   1.919804e-02     5.462558e+10       89.80
     2048     5   9.939686e-03   9.939686e-03     5.275982e+10       86.73
     1024     5   5.403236e-03   5.403236e-03     4.853980e+10       79.80
      512     5   3.273486e-03   3.273486e-03     4.007959e+10       65.89
      256     5   2.077433e-03   2.077433e-03     3.160824e+10       51.96
      128     5   1.532026e-03   1.532026e-03     2.147222e+10       35.30
       64     5   1.209270e-03   1.209270e-03     1.365452e+10       22.45
       32     5   1.109662e-03   1.109662e-03     7.497781e+09       12.33
       16     5   1.067927e-03   1.067927e-03     3.955326e+09        6.50
        8     5   1.064068e-03   1.064068e-03     2.044982e+09        3.36
        4     5   1.011161e-03   1.011161e-03     1.139284e+09        1.87
        2     5   1.017407e-03   1.017407e-03     6.290502e+08        1.03

METG(50%): 2.013223e-03 ms/task

------------------------------------------------------------------------------
MPI -- 4 PE(s)
------------------------------------------------------------------------------
     iter  reps     elapsed(s)    granularity           FLOP/s  efficiency
                          mean      (ms/task)                          (%)
    16384     5   7.574267e-02   7.574267e-02     1.107548e+11       85.49
     8192     5   3.896392e-02   3.896392e-02     1.076524e+11       83.09
     4096     5   2.045278e-02   2.045278e-02     1.025488e+11       79.15
     2048     5   1.135345e-02   1.135345e-02     9.238004e+10       71.30
     1024     5   6.758296e-03   6.758296e-03     7.761483e+10       59.91
      512     5   4.283810e-03   4.283810e-03     6.125388e+10       47.28
      256     5   3.152099e-03   3.152099e-03     4.166367e+10       32.16
      128     5   2.769124e-03   2.769124e-03     2.375914e+10       18.34
       64     5   2.494882e-03   2.494882e-03     1.323670e+10       10.22
       32     5   2.473785e-03   2.473785e-03     6.726534e+09        5.19
       16     5   2.294217e-03   2.294217e-03     3.682302e+09        2.84
        8     5   2.362735e-03   2.362735e-03     1.841933e+09        1.42
        4     5   2.289719e-03   2.289719e-03     1.006237e+09        0.78
        2     5   2.291915e-03   2.291915e-03     5.584849e+08        0.43

METG(50%): 4.816946e-03 ms/task

------------------------------------------------------------------------------
MPI -- 8 PE(s)
------------------------------------------------------------------------------
     iter  reps     elapsed(s)    granularity           FLOP/s  efficiency
                          mean      (ms/task)                          (%)
    16384     5   7.777001e-02   7.777001e-02     2.157352e+11       88.71
     8192     5   4.088179e-02   4.088179e-02     2.052043e+11       84.38
     4096     5   2.237149e-02   2.237149e-02     1.875072e+11       77.10
     2048     5   1.314268e-02   1.314268e-02     1.596071e+11       65.63
     1024     5   8.290281e-03   8.290281e-03     1.265443e+11       52.04
      512     5   6.248236e-03   6.248236e-03     8.399171e+10       34.54
      256     5   5.133715e-03   5.133715e-03     5.116295e+10       21.04
      128     5   4.583702e-03   4.583702e-03     2.870693e+10       11.80
       64     5   4.320475e-03   4.320475e-03     1.528721e+10        6.29
       32     5   4.264620e-03   4.264620e-03     7.803743e+09        3.21
       16     5   4.182386e-03   4.182386e-03     4.039799e+09        1.66
        8     5   4.148463e-03   4.148463e-03     2.098127e+09        0.86
        4     5   4.196512e-03   4.196512e-03     1.098055e+09        0.45
        2     5   4.174295e-03   4.174295e-03     6.132772e+08        0.25

METG(50%): 8.052668e-03 ms/task

------------------------------------------------------------------------------
Charm++ (old Converse) -- 1 PE(s)
------------------------------------------------------------------------------
     iter  reps     elapsed(s)    granularity           FLOP/s  efficiency
                          mean      (ms/task)                          (%)
    16384     5   5.570803e-02   5.570803e-02     3.764657e+10       99.03
     8192     5   2.817597e-02   2.817597e-02     3.721752e+10       97.90
     4096     5   1.442389e-02   1.442389e-02     3.635301e+10       95.62
     2048     5   1.008081e-02   1.008081e-02     2.601060e+10       68.42
     1024     5   5.478001e-03   5.478001e-03     2.393866e+10       62.97
      512     5   3.102636e-03   3.102636e-03     2.114331e+10       55.62
      256     5   1.916552e-03   1.916552e-03     1.713077e+10       45.06
      128     5   1.327229e-03   1.327229e-03     1.239274e+10       32.60
       64     5   1.062203e-03   1.062203e-03     7.772529e+09       20.45
       32     5   1.027393e-03   1.027393e-03     4.049082e+09       10.65
       16     5   9.709835e-04   9.709835e-04     2.175114e+09        5.72
        8     5   9.052277e-04   9.052277e-04     1.201908e+09        3.16
        4     5   8.640289e-04   8.640289e-04     6.666444e+08        1.75
        2     5   9.022236e-04   9.022236e-04     3.546793e+08        0.93

METG(50%): 2.471565e-03 ms/task

------------------------------------------------------------------------------
Charm++ (old Converse) -- 2 PE(s)
------------------------------------------------------------------------------
     iter  reps     elapsed(s)    granularity           FLOP/s  efficiency
                          mean      (ms/task)                          (%)
    16384     5   7.548585e-02   7.548585e-02     5.556581e+10       91.35
     8192     5   3.863139e-02   3.863139e-02     5.428953e+10       89.25
     4096     5   2.014284e-02   2.014284e-02     5.206336e+10       85.59
     2048     5   1.027655e-02   1.027655e-02     5.103033e+10       83.89
     1024     5   6.370020e-03   6.370020e-03     4.117287e+10       67.69
      512     5   3.990793e-03   3.990793e-03     3.287567e+10       54.05
      256     5   3.097582e-03   3.097582e-03     2.119847e+10       34.85
      128     5   2.522612e-03   2.522612e-03     1.304045e+10       21.44
       64     5   2.254772e-03   2.254772e-03     7.323134e+09       12.04
       32     5   2.255392e-03   2.255392e-03     3.688937e+09        6.06
       16     5   2.330398e-03   2.330398e-03     1.812566e+09        2.98
        8     5   2.161121e-03   2.161121e-03     1.006885e+09        1.66
        4     5   2.070761e-03   2.070761e-03     5.563172e+08        0.91
        2     5   2.157402e-03   2.157402e-03     2.966531e+08        0.49

METG(50%): 3.802566e-03 ms/task

------------------------------------------------------------------------------
Charm++ (old Converse) -- 4 PE(s)
------------------------------------------------------------------------------
     iter  reps     elapsed(s)    granularity           FLOP/s  efficiency
                          mean      (ms/task)                          (%)
    16384     5   7.194624e-02   7.194624e-02     1.165991e+11       90.00
     8192     5   3.776970e-02   3.776970e-02     1.110562e+11       85.72
     4096     5   2.028379e-02   2.028379e-02     1.034031e+11       79.81
     2048     5   1.099238e-02   1.099238e-02     9.541443e+10       73.65
     1024     5   6.525183e-03   6.525183e-03     8.038763e+10       62.05
      512     5   4.797459e-03   4.797459e-03     5.469563e+10       42.22
      256     5   3.752947e-03   3.752947e-03     3.499330e+10       27.01
      128     5   3.493834e-03   3.493834e-03     1.883089e+10       14.53
       64     5   3.466654e-03   3.466654e-03     9.526189e+09        7.35
       32     5   3.202963e-03   3.202963e-03     5.195190e+09        4.01
       16     5   3.224373e-03   3.224373e-03     2.620044e+09        2.02
        8     5   3.138161e-03   3.138161e-03     1.386800e+09        1.07
        4     5   3.211403e-03   3.211403e-03     7.174434e+08        0.55
        2     5   3.265381e-03   3.265381e-03     3.919911e+08        0.30

METG(50%): 5.475534e-03 ms/task

------------------------------------------------------------------------------
Charm++ (old Converse) -- 8 PE(s)
------------------------------------------------------------------------------
     iter  reps     elapsed(s)    granularity           FLOP/s  efficiency
                          mean      (ms/task)                          (%)
    16384     5   7.834492e-02   7.834492e-02     2.141521e+11       88.06
     8192     5   4.158182e-02   4.158182e-02     2.017497e+11       82.96
     4096     5   2.256703e-02   2.256703e-02     1.858825e+11       76.44
     2048     5   1.362663e-02   1.362663e-02     1.539386e+11       63.30
     1024     5   9.011602e-03   9.011602e-03     1.164153e+11       47.87
      512     5   6.826925e-03   6.826925e-03     7.687209e+10       31.61
      256     5   6.233645e-03   6.233645e-03     4.213522e+10       17.33
      128     5   5.843401e-03   5.843401e-03     2.251839e+10        9.26
       64     5   5.473757e-03   5.473757e-03     1.206630e+10        4.96
       32     5   5.005550e-03   5.005550e-03     6.648620e+09        2.73
       16     5   5.086184e-03   5.086184e-03     3.321941e+09        1.37
        8     5   4.969025e-03   4.969025e-03     1.751652e+09        0.72
        4     5   4.944992e-03   4.944992e-03     9.318519e+08        0.38
        2     5   8.649779e-03   8.649779e-03     2.959613e+08        0.12

METG(50%): 9.648404e-03 ms/task

------------------------------------------------------------------------------
Charm++ (Reconverse) -- 1 PE(s)
------------------------------------------------------------------------------
     iter  reps     elapsed(s)    granularity           FLOP/s  efficiency
                          mean      (ms/task)                          (%)
    16384     5   7.772203e-02   7.772203e-02     2.698355e+10       70.98
     8192     5   4.133625e-02   4.133625e-02     2.536853e+10       66.73
     4096     5   2.292180e-02   2.292180e-02     2.287569e+10       60.17
     2048     5   1.374683e-02   1.374683e-02     1.907406e+10       50.17
     1024     5   9.146213e-03   9.146213e-03     1.433774e+10       37.71
      512     5   6.867790e-03   6.867790e-03     9.551835e+09       25.13
      256     5   5.664635e-03   5.664635e-03     5.795961e+09       15.25
      128     5   4.322386e-03   4.322386e-03     3.805306e+09       10.01
       64     5   3.589201e-03   3.589201e-03     2.300234e+09        6.05
       32     5   3.483391e-03   3.483391e-03     1.194239e+09        3.14
       16     5   3.413010e-03   3.413010e-03     6.188087e+08        1.63
        8     5   3.411627e-03   3.411627e-03     3.189095e+08        0.84
        4     5   3.394699e-03   3.394699e-03     1.696763e+08        0.45
        2     5   3.408813e-03   3.408813e-03     9.387431e+07        0.25

METG(50%): 1.368304e-02 ms/task

------------------------------------------------------------------------------
Charm++ (Reconverse) -- 2 PE(s)
------------------------------------------------------------------------------
     iter  reps     elapsed(s)    granularity           FLOP/s  efficiency
                          mean      (ms/task)                          (%)
    16384     5   7.747784e-02   7.747784e-02     5.413719e+10       89.00
     8192     5   4.295554e-02   4.295554e-02     4.882443e+10       80.26
     4096     5   2.573914e-02   2.573914e-02     4.074355e+10       66.98
     2048     5   1.825862e-02   1.825862e-02     2.872155e+10       47.22
     1024     5   1.366773e-02   1.366773e-02     1.918915e+10       31.55
      512     5   1.068964e-02   1.068964e-02     1.227357e+10       20.18
      256     5   9.957601e-03   9.957601e-03     6.594359e+09       10.84
      128     5   9.871817e-03   9.871817e-03     3.332315e+09        5.48
       64     5   9.582424e-03   9.582424e-03     1.723155e+09        2.83
       32     5   9.431982e-03   9.431982e-03     8.821052e+08        1.45
       16     5   9.379434e-03   9.379434e-03     4.503470e+08        0.74
        8     5   9.283018e-03   9.283018e-03     2.344065e+08        0.39
        4     5   9.271812e-03   9.271812e-03     1.242476e+08        0.20
        2     5   9.324741e-03   9.324741e-03     6.863461e+07        0.11

METG(50%): 1.931230e-02 ms/task

------------------------------------------------------------------------------
Charm++ (Reconverse) -- 4 PE(s)
------------------------------------------------------------------------------
     iter  reps     elapsed(s)    granularity           FLOP/s  efficiency
                          mean      (ms/task)                          (%)
    16384     5   8.026514e-02   8.026514e-02     1.045144e+11       80.67
     8192     5   4.561501e-02   4.561501e-02     9.195570e+10       70.98
     4096     5   2.708979e-02   2.708979e-02     7.742430e+10       59.76
     2048     5   2.076139e-02   2.076139e-02     5.051838e+10       38.99
     1024     5   1.693043e-02   1.693043e-02     3.098231e+10       23.91
      512     5   1.412439e-02   1.412439e-02     1.857779e+10       14.34
      256     5   1.363115e-02   1.363115e-02     9.634401e+09        7.44
      128     5   1.302376e-02   1.302376e-02     5.051692e+09        3.90
       64     5   1.186900e-02   1.186900e-02     2.782374e+09        2.15
       32     5   1.226153e-02   1.226153e-02     1.357090e+09        1.05
       16     5   1.262031e-02   1.262031e-02     6.693974e+08        0.52
        8     5   1.221537e-02   1.221537e-02     3.562723e+08        0.27
        4     5   1.261320e-02   1.261320e-02     1.826657e+08        0.14
        2     5   1.251297e-02   1.251297e-02     1.022939e+08        0.08

METG(50%): 2.411553e-02 ms/task

------------------------------------------------------------------------------
Charm++ (Reconverse) -- 8 PE(s)
------------------------------------------------------------------------------
     iter  reps     elapsed(s)    granularity           FLOP/s  efficiency
                          mean      (ms/task)                          (%)
    16384     5   8.429622e-02   8.429622e-02     1.990330e+11       81.84
     8192     5   4.801617e-02   4.801617e-02     1.747145e+11       71.84
     4096     5   3.093581e-02   3.093581e-02     1.355974e+11       55.76
     2048     5   2.184839e-02   2.184839e-02     9.600999e+10       39.48
     1024     5   1.590157e-02   1.590157e-02     6.597388e+10       27.13
      512     5   1.429663e-02   1.429663e-02     3.670796e+10       15.09
      256     5   1.435337e-02   1.435337e-02     1.829925e+10        7.52
      128     5   1.347699e-02   1.347699e-02     9.763602e+09        4.01
       64     5   1.271782e-02   1.271782e-02     5.193344e+09        2.14
       32     5   1.309114e-02   1.309114e-02     2.542178e+09        1.05
       16     5   1.213817e-02   1.213817e-02     1.391972e+09        0.57
        8     5   1.262059e-02   1.262059e-02     6.896666e+08        0.28
        4     5   1.206822e-02   1.206822e-02     3.818292e+08        0.16
        2     5   1.311999e-02   1.311999e-02     1.951222e+08        0.08

METG(50%): 2.772103e-02 ms/task

------------------------------------------------------------------------------
Converse -- 1 PE(s)
------------------------------------------------------------------------------
     iter  reps     elapsed(s)    granularity           FLOP/s  efficiency
                          mean      (ms/task)                          (%)
    16384     5   7.332990e-02   7.332990e-02     2.859974e+10       75.23
     8192     5   3.716898e-02   3.716898e-02     2.821277e+10       74.21
     4096     5   1.880100e-02   1.880100e-02     2.788958e+10       73.36
     2048     5   9.606635e-03   9.606635e-03     2.729447e+10       71.80
     1024     5   5.022663e-03   5.022663e-03     2.610886e+10       68.68
      512     5   2.704595e-03   2.704595e-03     2.425502e+10       63.80
      256     5   1.556404e-03   1.556404e-03     2.109479e+10       55.49
      128     5   9.892702e-04   9.892702e-04     1.662640e+10       43.73
       64     5   6.892082e-04   6.892082e-04     1.197896e+10       31.51
       32     5   5.516790e-04   5.516790e-04     7.540617e+09       19.83
       16     5   4.783916e-04   4.783916e-04     4.414793e+09       11.61
        8     5   3.985160e-04   3.985160e-04     2.730129e+09        7.18
        4     5   4.036618e-04   4.036618e-04     1.426937e+09        3.75
        2     5   4.240540e-04   4.240540e-04     7.546209e+08        1.98

METG(50%): 1.291595e-03 ms/task

------------------------------------------------------------------------------
Converse -- 2 PE(s)
------------------------------------------------------------------------------
     iter  reps     elapsed(s)    granularity           FLOP/s  efficiency
                          mean      (ms/task)                          (%)
    16384     5   7.291088e-02   7.291088e-02     5.752821e+10       94.57
     8192     5   3.812904e-02   3.812904e-02     5.500479e+10       90.42
     4096     5   1.981294e-02   1.981294e-02     5.293026e+10       87.01
     2048     5   1.044969e-02   1.044969e-02     5.018483e+10       82.50
     1024     5   6.043769e-03   6.043769e-03     4.339543e+10       71.34
      512     5   3.606769e-03   3.606769e-03     3.637605e+10       59.80
      256     5   2.535166e-03   2.535166e-03     2.590126e+10       42.58
      128     5   1.972319e-03   1.972319e-03     1.667884e+10       27.42
       64     5   1.655414e-03   1.655414e-03     9.974545e+09       16.40
       32     5   1.282555e-03   1.282555e-03     6.487050e+09       10.66
       16     5   1.265187e-03   1.265187e-03     3.338637e+09        5.49
        8     5   1.192956e-03   1.192956e-03     1.824041e+09        3.00
        4     5   1.236936e-03   1.236936e-03     9.313336e+08        1.53
        2     5   1.154680e-03   1.154680e-03     5.542661e+08        0.91

METG(50%): 2.996928e-03 ms/task

------------------------------------------------------------------------------
Converse -- 4 PE(s)
------------------------------------------------------------------------------
     iter  reps     elapsed(s)    granularity           FLOP/s  efficiency
                          mean      (ms/task)                          (%)
    16384     5   6.474997e-02   6.474997e-02     1.295578e+11      100.00
     8192     5   3.562129e-02   3.562129e-02     1.177543e+11       90.89
     4096     5   1.843299e-02   1.843299e-02     1.137856e+11       87.83
     2048     5   9.714399e-03   9.714399e-03     1.079667e+11       83.33
     1024     5   5.494704e-03   5.494704e-03     9.546356e+10       73.68
      512     5   3.539283e-03   3.539283e-03     7.413932e+10       57.22
      256     5   2.827803e-03   2.827803e-03     4.644171e+10       35.85
      128     5   2.375015e-03   2.375015e-03     2.770172e+10       21.38
       64     5   2.212022e-03   2.212022e-03     1.492933e+10       11.52
       32     5   2.129629e-03   2.129629e-03     7.813566e+09        6.03
       16     5   2.152626e-03   2.152626e-03     3.924509e+09        3.03
        8     5   2.089813e-03   2.089813e-03     2.082483e+09        1.61
        4     5   2.109778e-03   2.109778e-03     1.092058e+09        0.84
        2     5   2.059041e-03   2.059041e-03     6.216485e+08        0.48

METG(50%): 3.298838e-03 ms/task

------------------------------------------------------------------------------
Converse -- 8 PE(s)
------------------------------------------------------------------------------
     iter  reps     elapsed(s)    granularity           FLOP/s  efficiency
                          mean      (ms/task)                          (%)
    16384     5   7.111847e-02   7.111847e-02     2.359124e+11       97.01
     8192     5   3.798492e-02   3.798492e-02     2.208540e+11       90.82
     4096     5   1.901190e-02   1.901190e-02     2.206416e+11       90.73
     2048     5   1.099450e-02   1.099450e-02     1.907921e+11       78.46
     1024     5   6.267934e-03   6.267934e-03     1.673738e+11       68.83
      512     5   4.118681e-03   4.118681e-03     1.274194e+11       52.40
      256     5   3.213104e-03   3.213104e-03     8.174525e+10       33.61
      128     5   3.244899e-03   3.244899e-03     4.055103e+10       16.67
       64     5   2.703155e-03   2.703155e-03     2.443367e+10       10.05
       32     5   3.589525e-03   3.589525e-03     9.271423e+09        3.81
       16     5   2.965654e-03   2.965654e-03     5.697225e+09        2.34
        8     5   3.416896e-03   3.416896e-03     2.547341e+09        1.05
        4     5   3.400062e-03   3.400062e-03     1.355269e+09        0.56
        2     5   3.403673e-03   3.403673e-03     7.521287e+08        0.31

METG(50%): 4.003159e-03 ms/task

------------------------------------------------------------------------------
Reconverse -- 1 PE(s)
------------------------------------------------------------------------------
     iter  reps     elapsed(s)    granularity           FLOP/s  efficiency
                          mean      (ms/task)                          (%)
    16384     5   7.113304e-02   7.113304e-02     2.948301e+10       77.55
     8192     5   3.718100e-02   3.718100e-02     2.820365e+10       74.19
     4096     5   1.882257e-02   1.882257e-02     2.785762e+10       73.28
     2048     5   9.642506e-03   9.642506e-03     2.719293e+10       71.53
     1024     5   4.980183e-03   4.980183e-03     2.633156e+10       69.26
      512     5   2.614021e-03   2.614021e-03     2.509543e+10       66.01
      256     5   1.482820e-03   1.482820e-03     2.214159e+10       58.24
      128     5   9.531021e-04   9.531021e-04     1.725733e+10       45.39
       64     5   6.806851e-04   6.806851e-04     1.212896e+10       31.90
       32     5   5.601406e-04   5.601406e-04     7.426707e+09       19.54
       16     5   4.804134e-04   4.804134e-04     4.396214e+09       11.56
        8     5   4.462719e-04   4.462719e-04     2.437976e+09        6.41
        4     5   4.312992e-04   4.312992e-04     1.335500e+09        3.51
        2     5   4.205704e-04   4.205704e-04     7.608715e+08        2.00

METG(50%): 1.143011e-03 ms/task

------------------------------------------------------------------------------
Reconverse -- 2 PE(s)
------------------------------------------------------------------------------
     iter  reps     elapsed(s)    granularity           FLOP/s  efficiency
                          mean      (ms/task)                          (%)
    16384     5   7.380438e-02   7.380438e-02     5.683175e+10       93.43
     8192     5   3.799329e-02   3.799329e-02     5.520133e+10       90.75
     4096     5   1.962190e-02   1.962190e-02     5.344560e+10       87.86
     2048     5   1.045966e-02   1.045966e-02     5.013700e+10       82.42
     1024     5   5.840111e-03   5.840111e-03     4.490874e+10       73.83
      512     5   3.553724e-03   3.553724e-03     3.691901e+10       60.69
      256     5   2.426243e-03   2.426243e-03     2.706407e+10       44.49
      128     5   1.781988e-03   1.781988e-03     1.846028e+10       30.35
       64     5   1.534605e-03   1.534605e-03     1.075977e+10       17.69
       32     5   1.342010e-03   1.342010e-03     6.199654e+09       10.19
       16     5   1.237869e-03   1.237869e-03     3.412315e+09        5.61
        8     5   1.074314e-03   1.074314e-03     2.025479e+09        3.33
        4     5   1.055241e-03   1.055241e-03     1.091694e+09        1.79
        2     5   1.037502e-03   1.037502e-03     6.168662e+08        1.01

METG(50%): 2.809607e-03 ms/task

------------------------------------------------------------------------------
Reconverse -- 4 PE(s)
------------------------------------------------------------------------------
     iter  reps     elapsed(s)    granularity           FLOP/s  efficiency
                          mean      (ms/task)                          (%)
    16384     5   7.151070e-02   7.151070e-02     1.173092e+11       90.55
     8192     5   3.716206e-02   3.716206e-02     1.128721e+11       87.12
     4096     5   1.919074e-02   1.919074e-02     1.092927e+11       84.36
     2048     5   1.061778e-02   1.061778e-02     9.878071e+10       76.24
     1024     5   6.122303e-03   6.122303e-03     8.567757e+10       66.13
      512     5   4.120541e-03   4.120541e-03     6.368096e+10       49.15
      256     5   2.945137e-03   2.945137e-03     4.459148e+10       34.42
      128     5   2.447176e-03   2.447176e-03     2.688487e+10       20.75
       64     5   2.138996e-03   2.138996e-03     1.543902e+10       11.92
       32     5   2.188015e-03   2.188015e-03     7.605067e+09        5.87
       16     5   1.933575e-03   1.933575e-03     4.369109e+09        3.37
        8     5   1.995897e-03   1.995897e-03     2.180473e+09        1.68
        4     5   1.998949e-03   1.998949e-03     1.152606e+09        0.89
        2     5   1.856279e-03   1.856279e-03     6.895514e+08        0.53

METG(50%): 4.220457e-03 ms/task

------------------------------------------------------------------------------
Reconverse -- 8 PE(s)
------------------------------------------------------------------------------
     iter  reps     elapsed(s)    granularity           FLOP/s  efficiency
                          mean      (ms/task)                          (%)
    16384     5   7.325401e-02   7.325401e-02     2.290349e+11       94.18
     8192     5   3.887644e-02   3.887644e-02     2.157893e+11       88.73
     4096     5   2.076244e-02   2.076244e-02     2.020387e+11       83.08
     2048     5   1.108155e-02   1.108155e-02     1.892933e+11       77.84
     1024     5   7.268286e-03   7.268286e-03     1.443377e+11       59.35
      512     5   4.678297e-03   4.678297e-03     1.121776e+11       46.13
      256     5   3.350162e-03   3.350162e-03     7.840098e+10       32.24
      128     5   3.415012e-03   3.415012e-03     3.853105e+10       15.84
       64     5   2.635670e-03   2.635670e-03     2.505928e+10       10.30
       32     5   2.834940e-03   2.834940e-03     1.173923e+10        4.83
       16     5   2.727413e-03   2.727413e-03     6.194880e+09        2.55
        8     5   2.427960e-03   2.427960e-03     3.584903e+09        1.47
        4     5   2.643824e-03   2.643824e-03     1.742930e+09        0.72
        2     5   2.887249e-03   2.887249e-03     8.866572e+08        0.36

METG(50%): 5.436552e-03 ms/task

==============================================================================
Summary: METG(50%) in ms per task
==============================================================================
system                               1 PE          2 PE          4 PE          8 PE
MPI                                0.0003        0.0020        0.0048        0.0081
Charm++ (old Converse)             0.0025        0.0038        0.0055        0.0096
Charm++ (Reconverse)               0.0137        0.0193        0.0241        0.0277
Converse                           0.0013        0.0030        0.0033        0.0040
Reconverse                         0.0011        0.0028        0.0042        0.0054

Lower METG is better: it is the smallest average task duration at which
the system still delivers 50% of the achievable FLOP rate.
